32 32 200 0.004011869430541992 6.5536e-5 4.0118694305419924e-5 1.6335526650264456
32 32 200 0.004060029983520508 6.5536e-5 4.0600299835205076e-5 1.6141752712666628
32 32 200 0.004090070724487305 6.5536e-5 4.090070724487305e-5 1.6023194808743806
32 32 200 0.004036903381347656 6.5536e-5 4.036903381347656e-5 1.6234225545948502
32 32 200 0.004086971282958984 6.5536e-5 4.086971282958984e-5 1.6035346339050287
64 64 200 0.0040819644927978516 0.000262144 4.081964492797852e-5 6.422005886198236
64 64 200 0.0038309097290039062 0.000262144 3.8309097290039064e-5 6.842865495245208
64 64 200 0.003606081008911133 0.000262144 3.606081008911133e-5 7.269498365461158
64 64 200 0.04836893081665039 0.000262144 0.0004836893081665039 0.5419677375001233
64 64 200 0.003936052322387695 0.000262144 3.9360523223876954e-5 6.66007406733297
128 128 200 0.04764890670776367 0.001048576 0.0004764890670776367 2.2006297152441285
128 128 200 0.004024982452392578 0.001048576 4.024982452392578e-5 26.051691216111838
128 128 200 0.003940105438232422 0.001048576 3.9401054382324217e-5 26.61289187404091
128 128 200 0.0038568973541259766 0.001048576 3.856897354125977e-5 27.18703412934413
128 128 200 0.003998994827270508 0.001048576 3.9989948272705076e-5 26.220989155809935
256 256 200 0.004248857498168945 0.004194304 4.2488574981689455e-5 98.71604312000449
256 256 200 0.0037920475006103516 0.004194304 3.792047500610352e-5 110.60789716702924
256 256 200 0.030195951461791992 0.004194304 0.0003019595146179199 13.890285938852438
256 256 200 0.00429987907409668 0.004194304 4.2998790740966796e-5 97.54469666989743
256 256 200 0.0044269561767578125 0.004194304 4.426956176757813e-5 94.74464694321414
512 512 200 0.006555080413818359 0.016777216 6.555080413818359e-5 255.94218439537354
512 512 200 0.006282806396484375 0.016777216 6.282806396484375e-5 267.03378938093505
512 512 200 0.006443023681640625 0.016777216 6.443023681640625e-5 260.3935175313203
512 512 200 0.006301164627075195 0.016777216 6.301164627075196e-5 266.2557954431269
512 512 200 0.00638890266418457 0.016777216 6.388902664184571e-5 262.59933640953835
1024 1024 200 0.016195058822631836 0.067108864 0.00016195058822631836 414.3786369347329
1024 1024 200 0.016508102416992188 0.067108864 0.00016508102416992187 406.52076359135765
1024 1024 200 0.016051054000854492 0.067108864 0.00016051054000854493 418.09630692431415
1024 1024 200 0.016370058059692383 0.067108864 0.00016370058059692383 409.9488453571256
1024 1024 200 0.016208887100219727 0.067108864 0.00016208887100219727 414.0251183506009
2048 2048 200 0.0514981746673584 0.268435456 0.0005149817466735839 521.2523700770023
2048 2048 200 0.05161404609680176 0.268435456 0.0005161404609680176 520.0821797550058
2048 2048 200 0.0518040657043457 0.268435456 0.0005180406570434571 518.1744952838358
2048 2048 200 0.051531076431274414 0.268435456 0.0005153107643127441 520.9195588180756
2048 2048 200 0.05181694030761719 0.268435456 0.0005181694030761719 518.0457479858946
4096 4096 200 0.2462320327758789 1.073741824 0.002462320327758789 436.0691059953694
4096 4096 200 0.27020716667175293 1.073741824 0.002702071666717529 397.3772558388058
4096 4096 200 0.280411958694458 1.073741824 0.00280411958694458 382.9158460285101
4096 4096 200 0.25264596939086914 1.073741824 0.0025264596939086914 424.99859649009943
4096 4096 200 0.2711219787597656 1.073741824 0.0027112197875976563 396.0364367771953
8192 8192 200 0.7418100833892822 4.294967296 0.007418100833892822 578.984755286228
8192 8192 200 0.7420802116394043 4.294967296 0.007420802116394043 578.7739962114816
8192 8192 200 0.7416880130767822 4.294967296 0.007416880130767823 579.0800471727955
8192 8192 200 0.7419350147247314 4.294967296 0.007419350147247314 578.8872624637476
8192 8192 200 0.7420148849487305 4.294967296 0.007420148849487305 578.8249512402654
