1 512 512 512 400 2.2332510948181152 10.73741824 0.011816143358826007 908.7075125895237
1 512 512 512 400 2.2313151359558105 10.73741824 0.011805900190242384 909.4959356741397
1 512 512 512 400 2.2304701805114746 10.73741824 0.01180142952651574 909.8404744844603
2 1022 512 512 400 2.251214027404785 10.73741824 0.011911185330184048 901.456735190778
2 1022 512 512 400 2.2504429817199707 10.73741824 0.011907105723386088 901.7655918609365
2 1022 512 512 400 2.2557249069213867 10.73741824 0.011935052417573474 899.6540496286345
4 1022 1022 512 400 2.267357110977173 10.73741824 0.011996598470778693 895.0385616518047
4 1022 1022 512 400 2.265072822570801 10.73741824 0.011984512288734395 895.9411932092822
4 1022 1022 512 400 2.2615060806274414 10.73741824 0.01196564063824043 897.3542298842561
8 1022 1022 1022 400 2.2678370475769043 10.73741824 0.011999137817867218 894.8491469121669
8 1022 1022 1022 400 2.2743000984191895 10.73741824 0.012033333854069786 892.3061863166462
8 1022 1022 1022 400 2.267072916030884 10.73741824 0.0119950947938142 895.1507615877471
