1 32 32 32 2000 0.18176007270812988 0.00262144 0.00018176007270812988 14.422529441928127
1 32 32 32 2000 0.17962002754211426 0.00262144 0.00017962002754211425 14.594363645698525
1 64 64 64 2000 0.24134182929992676 0.02097152 0.00024134182929992675 86.89550444211523
1 64 64 64 2000 0.24947905540466309 0.02097152 0.0002494790554046631 84.0612450050507
1 128 128 128 2000 0.6627471446990967 0.16777216 0.0006627471446990967 253.14656025590673
1 128 128 128 2000 0.6693811416625977 0.16777216 0.0006693811416625977 250.63771528323954
1 256 256 256 2000 4.269987106323242 1.34217728 0.004269987106323242 314.3281809943704
1 256 256 256 2000 4.271867036819458 1.34217728 0.004271867036819458 314.1898538582077
1 512 512 512 2000 34.30125904083252 10.73741824 0.03430125904083252 313.0327731474254
1 512 512 512 2000 34.27151393890381 10.73741824 0.034271513938903805 313.30446210055703
