1 256 256 256 200 2.634675979614258 1.34217728 0.02634675979614258 50.942783491596856
1 256 256 256 200 2.6350741386413574 1.34217728 0.026350741386413575 50.935086050065586
1 256 256 256 200 2.6296470165252686 1.34217728 0.026296470165252685 51.04020697703793
1 256 256 256 200 2.6272151470184326 1.34217728 0.026272151470184326 51.08745210772734
1 256 256 256 200 2.6317598819732666 1.34217728 0.026317598819732665 50.999230180287164
2 510 256 256 200 2.7399001121520996 1.34217728 0.027399001121520997 48.98635808098
2 510 256 256 200 2.7504560947418213 1.34217728 0.027504560947418214 48.79835321006958
2 510 256 256 200 2.7405760288238525 1.34217728 0.027405760288238525 48.97427642523787
2 510 256 256 200 2.779741048812866 1.34217728 0.02779741048812866 48.284255850853405
2 510 256 256 200 2.7771151065826416 1.34217728 0.027771151065826415 48.329911742535096
4 510 510 256 200 2.7387828826904297 1.34217728 0.027387828826904298 49.0063410459729
4 510 510 256 200 2.734204053878784 1.34217728 0.027342040538787842 49.08840940733617
4 510 510 256 200 2.77620005607605 1.34217728 0.0277620005607605 48.34584154202009
4 510 510 256 200 2.743852138519287 1.34217728 0.02743852138519287 48.91580202730248
4 510 510 256 200 2.7497780323028564 1.34217728 0.027497780323028565 48.81038630147055
8 510 510 510 200 2.791759967803955 1.34217728 0.02791759967803955 48.076385343965626
8 510 510 510 200 2.7906579971313477 1.34217728 0.027906579971313475 48.09536967194436
8 510 510 510 200 2.7861900329589844 1.34217728 0.027861900329589843 48.17249592177255
8 510 510 510 200 2.754865884780884 1.34217728 0.027548658847808837 48.720240336010185
8 510 510 510 200 2.778017997741699 1.34217728 0.027780179977416993 48.31420390692501
16 1018 510 510 200 2.8257720470428467 1.34217728 0.028257720470428467 47.497719478277816
16 1018 510 510 200 2.8223788738250732 1.34217728 0.02822378873825073 47.55482307664078
16 1018 510 510 200 2.85213303565979 1.34217728 0.0285213303565979 47.05871932406236
16 1018 510 510 200 2.8717150688171387 1.34217728 0.028717150688171388 46.73782906160128
16 1018 510 510 200 2.815551996231079 1.34217728 0.02815551996231079 47.67012940257006
32 1018 1018 510 200 2.858302116394043 1.34217728 0.02858302116394043 46.95715237034687
32 1018 1018 510 200 2.845874071121216 1.34217728 0.02845874071121216 47.1622161226273
32 1018 1018 510 200 2.8814659118652344 1.34217728 0.028814659118652344 46.579668857896706
32 1018 1018 510 200 2.8439390659332275 1.34217728 0.028439390659332275 47.19430511284776
32 1018 1018 510 200 2.859813928604126 1.34217728 0.028598139286041258 46.932328938446574
64 1018 1018 1018 200 2.9537811279296875 1.34217728 0.029537811279296874 45.4392936331317
64 1018 1018 1018 200 2.877377986907959 1.34217728 0.02877377986907959 46.645845144673146
64 1018 1018 1018 200 2.9210798740386963 1.34217728 0.029210798740386963 45.947982865127905
64 1018 1018 1018 200 2.9156060218811035 1.34217728 0.029156060218811036 46.034247080270745
64 1018 1018 1018 200 2.912302017211914 1.34217728 0.02912302017211914 46.08647290245435
