1 512 512 512 2000 22.71941304206848 10.73741824 0.02271941304206848 472.609843402117
1 512 512 512 2000 22.609197854995728 10.73741824 0.022609197854995728 474.913719136102
1 512 512 512 2000 22.637840032577515 10.73741824 0.022637840032577513 474.3128418854479
1 512 512 512 2000 22.621706008911133 10.73741824 0.022621706008911134 474.65112647871564
1 512 512 512 2000 22.586824893951416 10.73741824 0.022586824893951415 475.3841361242147
2 1022 512 512 2000 22.883585929870605 10.73741824 0.022883585929870606 469.2192155943592
2 1022 512 512 2000 22.82297706604004 10.73741824 0.02282297706604004 470.46527755474034
2 1022 512 512 2000 22.815975189208984 10.73741824 0.022815975189208984 470.60965621484183
2 1022 512 512 2000 22.79979705810547 10.73741824 0.02279979705810547 470.9435883414051
2 1022 512 512 2000 22.87813901901245 10.73741824 0.02287813901901245 469.33092901817184
4 1022 1022 512 2000 22.87774085998535 10.73741824 0.02287774085998535 469.33909714750024
4 1022 1022 512 2000 22.92521595954895 10.73741824 0.02292521595954895 468.36715775964524
4 1022 1022 512 2000 22.913991928100586 10.73741824 0.022913991928100588 468.5965794913352
4 1022 1022 512 2000 22.922541856765747 10.73741824 0.022922541856765746 468.42179663555845
4 1022 1022 512 2000 22.888703107833862 10.73741824 0.022888703107833863 469.114313266837
8 1022 1022 1022 2000 22.966678142547607 10.73741824 0.022966678142547606 467.52160557812994
8 1022 1022 1022 2000 22.96807599067688 10.73741824 0.02296807599067688 467.4931519888081
8 1022 1022 1022 2000 22.984543085098267 10.73741824 0.022984543085098265 467.1582202111065
8 1022 1022 1022 2000 22.988463163375854 10.73741824 0.022988463163375855 467.0785586531227
8 1022 1022 1022 2000 22.963969945907593 10.73741824 0.022963969945907593 467.5767415343406
