1 32 32 32 2000 0.09247517585754395 0.00262144 9.247517585754395e-5 28.347499485032316
1 32 32 32 2000 0.05926203727722168 0.00262144 5.926203727722168e-5 44.23472631791538
1 32 32 32 2000 0.05714011192321777 0.00262144 5.7140111923217776e-5 45.8774040121337
1 32 32 32 2000 0.05767703056335449 0.00262144 5.767703056335449e-5 45.450328742574875
1 32 32 32 2000 0.05927610397338867 0.00262144 5.9276103973388675e-5 44.22422906162769
1 64 64 64 2000 0.08436703681945801 0.02097152 8.4367036819458e-5 248.57480824979302
1 64 64 64 2000 0.09467101097106934 0.02097152 9.467101097106934e-5 221.51997517390745
1 64 64 64 2000 0.09398293495178223 0.02097152 9.398293495178222e-5 223.1417864398404
1 64 64 64 2000 0.08902406692504883 0.02097152 8.902406692504883e-5 235.57135417837458
1 64 64 64 2000 0.08474206924438477 0.02097152 8.474206924438477e-5 247.47472167007095
1 128 128 128 2000 0.4053158760070801 0.16777216 0.0004053158760070801 413.9294064984253
1 128 128 128 2000 0.3830859661102295 0.16777216 0.0003830859661102295 437.9491154518699
1 128 128 128 2000 0.38248586654663086 0.16777216 0.00038248586654663085 438.63623384250207
1 128 128 128 2000 0.39670705795288086 0.16777216 0.0003967070579528809 422.91196145022263
1 128 128 128 2000 0.3835170269012451 0.16777216 0.0003835170269012451 437.4568747457489
1 256 256 256 2000 2.5728070735931396 1.34217728 0.0025728070735931397 521.6781677009063
1 256 256 256 2000 2.5720109939575195 1.34217728 0.0025720109939575196 521.8396356598809
1 256 256 256 2000 2.5866308212280273 1.34217728 0.0025866308212280273 518.8901597340391
1 256 256 256 2000 2.5806329250335693 1.34217728 0.0025806329250335695 520.0961620616929
1 256 256 256 2000 2.5378639698028564 1.34217728 0.0025378639698028565 528.8610012081386
1 512 512 512 2000 22.137510061264038 10.73741824 0.022137510061264038 485.0327887050049
1 512 512 512 2000 22.15075993537903 10.73741824 0.022150759935379027 484.7426576480691
1 512 512 512 2000 22.16485905647278 10.73741824 0.02216485905647278 484.4343116571438
1 512 512 512 2000 22.133598804473877 10.73741824 0.022133598804473877 485.1184994746376
1 512 512 512 2000 22.117666006088257 10.73741824 0.022117666006088256 485.4679619922078
