32 32 200 0.011375904083251953 6.5536e-5 0.00011375904083251953 0.5760948714088109
32 32 200 0.011786937713623047 6.5536e-5 0.00011786937713623047 0.5560053136130103
64 64 200 0.01145792007446289 0.000262144 0.0001145792007446289 2.2878846971908944
64 64 200 0.011370182037353516 0.000262144 0.00011370182037353515 2.3055391649737893
128 128 200 0.011070013046264648 0.001048576 0.00011070013046264648 9.472220092403782
128 128 200 0.011122941970825195 0.001048576 0.00011122941970825195 9.427146188035069
256 256 200 0.012788057327270508 0.004194304 0.00012788057327270508 32.798601794313626
256 256 200 0.013312101364135742 0.004194304 0.00013312101364135743 31.507452394404943
512 512 200 0.01678299903869629 0.016777216 0.00016782999038696288 99.96554228071543
512 512 200 0.015380144119262695 0.016777216 0.00015380144119262696 109.08360721397635
1024 1024 200 0.029746055603027344 0.067108864 0.00029746055603027346 225.60592535559616
1024 1024 200 0.029642105102539062 0.067108864 0.0002964210510253906 226.39709213584715
2048 2048 200 0.0801229476928711 0.268435456 0.0008012294769287109 335.02943130471465
2048 2048 200 0.08000493049621582 0.268435456 0.0008000493049621582 335.52364127445475
4096 4096 200 0.27524900436401367 1.073741824 0.002752490043640137 390.09834984906564
4096 4096 200 0.27689290046691895 1.073741824 0.0027689290046691893 387.7823599627765
8192 8192 200 1.0595061779022217 4.294967296 0.010595061779022218 405.37444571619744
8192 8192 200 1.0592420101165771 4.294967296 0.010592420101165772 405.4755433583406
