1 32 32 32 200 0.01252603530883789 0.00262144 0.0001252603530883789 20.927930788686286
1 32 32 32 200 0.012695074081420898 0.00262144 0.000126950740814209 20.649269025034272
1 32 32 32 200 0.012836933135986328 0.00262144 0.00012836933135986327 20.421076998922775
1 32 32 32 200 0.012391090393066406 0.00262144 0.00012391090393066407 21.155845989686753
1 32 32 32 200 0.012639999389648438 0.00262144 0.00012639999389648437 20.73924150777124
1 64 64 64 200 0.0565338134765625 0.02097152 0.000565338134765625 37.095534000539814
1 64 64 64 200 0.05726790428161621 0.02097152 0.0005726790428161621 36.62002348972311
1 64 64 64 200 0.05725908279418945 0.02097152 0.0005725908279418945 36.625665268477114
1 64 64 64 200 0.05721116065979004 0.02097152 0.0005721116065979004 36.65634424847371
1 64 64 64 200 0.05713701248168945 0.02097152 0.0005713701248168945 36.70391413397872
1 128 128 128 200 0.34230685234069824 0.16777216 0.0034230685234069823 49.01221195333135
1 128 128 128 200 0.3654639720916748 0.16777216 0.003654639720916748 45.906620846860164
1 128 128 128 200 0.3429841995239258 0.16777216 0.0034298419952392576 48.91541949538017
1 128 128 128 200 0.34206199645996094 0.16777216 0.0034206199645996096 49.04729602712182
1 128 128 128 200 0.34314990043640137 0.16777216 0.0034314990043640137 48.89179911946223
1 256 256 256 200 2.926990032196045 1.34217728 0.02926990032196045 45.85520501390294
1 256 256 256 200 2.725882053375244 1.34217728 0.02725882053375244 49.23827420698882
1 256 256 256 200 2.9004628658294678 1.34217728 0.029004628658294677 46.274589335801316
1 256 256 256 200 2.7190308570861816 1.34217728 0.027190308570861816 49.362340868699405
1 256 256 256 200 2.920874834060669 1.34217728 0.02920874834060669 45.95120832802252
