32 32 200 0.005545139312744141 6.5536e-5 5.545139312744141e-5 1.1818639046521626
32 32 200 0.005528926849365234 6.5536e-5 5.5289268493652345e-5 1.1853294822940923
32 32 200 0.005424022674560547 6.5536e-5 5.424022674560547e-5 1.2082545360175825
32 32 200 0.005470991134643555 6.5536e-5 5.4709911346435547e-5 1.1978816705626008
32 32 200 0.005579948425292969 6.5536e-5 5.5799484252929686e-5 1.1744911423004616
64 64 200 0.005449056625366211 0.000262144 5.449056625366211e-5 4.810814385368628
64 64 200 0.005645036697387695 0.000262144 5.6450366973876956e-5 4.643796206343709
64 64 200 0.0054950714111328125 0.000262144 5.495071411132812e-5 4.7705294506074285
64 64 200 0.005454063415527344 0.000262144 5.4540634155273435e-5 4.806398093093199
64 64 200 0.005639076232910156 0.000262144 5.6390762329101565e-5 4.648704666734314
128 128 200 0.007257938385009766 0.001048576 7.257938385009766e-5 14.44729817720255
128 128 200 0.007279872894287109 0.001048576 7.279872894287109e-5 14.403767967197226
128 128 200 0.007235050201416016 0.001048576 7.235050201416015e-5 14.493002409226918
128 128 200 0.007575035095214844 0.001048576 7.575035095214844e-5 13.842523325897016
128 128 200 0.007391929626464844 0.001048576 7.391929626464844e-5 14.185416433698878
256 256 200 0.015240907669067383 0.004194304 0.00015240907669067383 27.5200407421447
256 256 200 0.015134096145629883 0.004194304 0.00015134096145629882 27.71426823009279
256 256 200 0.015254974365234375 0.004194304 0.00015254974365234376 27.494664360490123
256 256 200 0.01540684700012207 0.004194304 0.0001540684700012207 27.22363634796119
256 256 200 0.015115022659301758 0.004194304 0.00015115022659301758 27.74924057039923
512 512 200 0.04391288757324219 0.016777216 0.00043912887573242186 38.20567702822395
512 512 200 0.04317903518676758 0.016777216 0.00043179035186767577 38.85500434975319
512 512 200 0.04342913627624512 0.016777216 0.00043429136276245116 38.63124491650737
512 512 200 0.04355287551879883 0.016777216 0.0004355287551879883 38.521488650636655
512 512 200 0.04350018501281738 0.016777216 0.0004350018501281738 38.56814860685437
1024 1024 200 0.13341712951660156 0.067108864 0.0013341712951660156 50.30003586732048
1024 1024 200 0.13950800895690918 0.067108864 0.0013950800895690919 48.1039508066726
1024 1024 200 0.16225504875183105 0.067108864 0.0016225504875183106 41.360108370275086
1024 1024 200 0.1398329734802246 0.067108864 0.0013983297348022462 47.992159738697566
1024 1024 200 0.13995718955993652 0.067108864 0.0013995718955993651 47.94956529993817
2048 2048 200 0.5183811187744141 0.268435456 0.0051838111877441405 51.78341692588077
2048 2048 200 0.5420989990234375 0.268435456 0.005420989990234375 49.51779222680216
2048 2048 200 0.5182919502258301 0.268435456 0.005182919502258301 51.79232590493395
2048 2048 200 0.5183959007263184 0.268435456 0.005183959007263183 51.781940332456
2048 2048 200 0.5184130668640137 0.268435456 0.005184130668640137 51.78022568447605
4096 4096 200 2.0772109031677246 1.073741824 0.020772109031677245 51.69151684898993
4096 4096 200 2.223129987716675 1.073741824 0.02223129987716675 48.29865234748668
4096 4096 200 2.225719928741455 1.073741824 0.022257199287414552 48.24245001064231
4096 4096 200 2.223111867904663 1.073741824 0.022231118679046633 48.29904601301183
4096 4096 200 2.226480007171631 1.073741824 0.022264800071716308 48.22598094487311
8192 8192 200 8.420881032943726 4.294967296 0.08420881032943725 51.003775961178604
8192 8192 200 8.378582954406738 4.294967296 0.08378582954406738 51.26126123440779
8192 8192 200 8.230286836624146 4.294967296 0.08230286836624146 52.184904138306884
8192 8192 200 8.230336904525757 4.294967296 0.08230336904525756 52.184586680021
8192 8192 200 8.371886014938354 4.294967296 0.08371886014938354 51.302266757290845
