32 32 200 0.003325939178466797 6.5536e-5 3.325939178466797e-5 1.9704509458351256
32 32 200 0.003326892852783203 6.5536e-5 3.326892852783203e-5 1.9698861039415223
32 32 200 0.003336191177368164 6.5536e-5 3.336191177368164e-5 1.9643958189380404
32 32 200 0.00333404541015625 6.5536e-5 3.33404541015625e-5 1.9656600897025172
32 32 200 0.003376007080078125 6.5536e-5 3.376007080078125e-5 1.941228156384181
64 64 200 0.003340005874633789 0.000262144 3.340005874633789e-5 7.848608949789422
64 64 200 0.0033397674560546875 0.000262144 3.339767456054688e-5 7.8491692445459735
64 64 200 0.0033910274505615234 0.000262144 3.391027450561523e-5 7.730518370076638
64 64 200 0.003364086151123047 0.000262144 3.364086151123047e-5 7.792428262055281
64 64 200 0.0033218860626220703 0.000262144 3.3218860626220706e-5 7.891420568262398
128 128 200 0.0033409595489501953 0.001048576 3.340959548950195e-5 31.385474281766935
128 128 200 0.0033371448516845703 0.001048576 3.33714485168457e-5 31.421351083117813
128 128 200 0.003509044647216797 0.001048576 3.509044647216797e-5 29.882093430520452
128 128 200 0.003359079360961914 0.001048576 3.359079360961914e-5 31.21617226988431
128 128 200 0.003341197967529297 0.001048576 3.3411979675292965e-5 31.38323470175539
256 256 200 0.0036721229553222656 0.004194304 3.672122955322266e-5 114.22014052990521
256 256 200 0.0036509037017822266 0.004194304 3.6509037017822265e-5 114.88399428208713
256 256 200 0.003673076629638672 0.004194304 3.673076629638672e-5 114.19048451522784
256 256 200 0.003659963607788086 0.004194304 3.659963607788086e-5 114.59960943532019
256 256 200 0.003606081008911133 0.004194304 3.606081008911133e-5 116.31197384737852
512 512 200 0.00450587272644043 0.016777216 4.50587272644043e-5 372.3410983526324
512 512 200 0.00453495979309082 0.016777216 4.5349597930908205e-5 369.9529161330319
512 512 200 0.004570960998535156 0.016777216 4.570960998535156e-5 367.0391413397872
512 512 200 0.004492044448852539 0.016777216 4.492044448852539e-5 373.4873105337509
512 512 200 0.0045588016510009766 0.016777216 4.558801651000977e-5 368.01811713646777
1024 1024 200 0.07637405395507812 0.067108864 0.0007637405395507813 87.86866812055342
1024 1024 200 0.009610176086425781 0.067108864 9.610176086425781e-5 698.3104513016176
1024 1024 200 0.00961613655090332 0.067108864 9.61613655090332e-5 697.8776106678304
1024 1024 200 0.009593009948730469 0.067108864 9.593009948730469e-5 699.5600375550652
1024 1024 200 0.009629964828491211 0.067108864 9.629964828491212e-5 696.8754839213092
2048 2048 200 0.03069782257080078 0.268435456 0.0003069782257080078 874.4446137210103
2048 2048 200 0.09592294692993164 0.268435456 0.0009592294692993164 279.8448802830075
2048 2048 200 0.030689001083374023 0.268435456 0.00030689001083374025 874.695970946499
2048 2048 200 0.03068995475769043 0.268435456 0.0003068995475769043 874.6687902260078
2048 2048 200 0.0307009220123291 0.268435456 0.00030700922012329103 874.3563333120736
4096 4096 200 0.13702011108398438 1.073741824 0.0013702011108398437 783.6381210798074
4096 4096 200 0.1373000144958496 1.073741824 0.001373000144958496 782.040575846012
4096 4096 200 0.1372239589691162 1.073741824 0.0013722395896911621 782.4740169766255
4096 4096 200 0.14131903648376465 1.073741824 0.0014131903648376466 759.7998477178666
4096 4096 200 0.133256196975708 1.073741824 0.00133256196975708 805.772525682793
8192 8192 200 0.4644958972930908 4.294967296 0.004644958972930908 924.6512877787449
8192 8192 200 0.4653048515319824 4.294967296 0.004653048515319824 923.0437382845101
8192 8192 200 0.4658699035644531 4.294967296 0.004658699035644531 921.9241816520974
8192 8192 200 0.46631407737731934 4.294967296 0.004663140773773194 921.0460297823511
8192 8192 200 0.46361494064331055 4.294967296 0.004636149406433105 926.4083012597304
