1 32 32 32 2000 0.038771867752075195 0.00262144 3.87718677520752e-5 67.61190914924886
1 32 32 32 2000 0.03872203826904297 0.00262144 3.872203826904297e-5 67.69891558357757
1 32 32 32 2000 0.03810715675354004 0.00262144 3.810715675354004e-5 68.79127763202843
1 32 32 32 2000 0.03936600685119629 0.00262144 3.936600685119629e-5 66.59146328732444
1 32 32 32 2000 0.03891897201538086 0.00262144 3.891897201538086e-5 67.3563525512442
1 64 64 64 2000 0.05564403533935547 0.02097152 5.564403533935547e-5 376.8871159703155
1 64 64 64 2000 0.057267189025878906 0.02097152 5.7267189025878906e-5 366.20480866492363
1 64 64 64 2000 0.05570793151855469 0.02097152 5.570793151855469e-5 376.4548319841134
1 64 64 64 2000 0.05585002899169922 0.02097152 5.585002899169922e-5 375.49702978877446
1 64 64 64 2000 0.055709123611450195 0.02097152 5.5709123611450196e-5 376.4467764071882
1 128 128 128 2000 0.209259033203125 0.16777216 0.000209259033203125 801.7439315852414
1 128 128 128 2000 0.2089831829071045 0.16777216 0.0002089831829071045 802.8022047811221
1 128 128 128 2000 0.20929598808288574 0.16777216 0.00020929598808288574 801.60236962382
1 128 128 128 2000 0.2092270851135254 0.16777216 0.0002092270851135254 801.8663544873639
1 128 128 128 2000 0.20903277397155762 0.16777216 0.0002090327739715576 802.6117474900285
1 256 256 256 2000 1.6802570819854736 1.34217728 0.0016802570819854736 798.7928123558438
1 256 256 256 2000 1.6616060733795166 1.34217728 0.0016616060733795166 807.7590118999535
1 256 256 256 2000 1.6960511207580566 1.34217728 0.0016960511207580566 791.354260241937
1 256 256 256 2000 1.6860408782958984 1.34217728 0.0016860408782958984 796.052632695688
1 256 256 256 2000 1.6819961071014404 1.34217728 0.0016819961071014404 797.9669360311153
1 512 512 512 2000 11.609860897064209 10.73741824 0.011609860897064209 924.8533066158593
1 512 512 512 2000 11.675988912582397 10.73741824 0.011675988912582397 919.6153165603845
1 512 512 512 2000 11.694585084915161 10.73741824 0.01169458508491516 918.1529880739583
1 512 512 512 2000 11.574753046035767 10.73741824 0.011574753046035767 927.6585165397938
1 512 512 512 2000 11.575797080993652 10.73741824 0.011575797080993652 927.5748499107514
